service_id,date,exception_type
1,20180302,1
1,20180303,1
2,20180305,1
2,20180306,1
2,20180307,1
2,20180308,1
2,20180311,1
2,20180312,1
2,20180313,1
2,20180314,1
2,20180315,1
2,20180318,1
2,20180319,1
2,20180320,1
2,20180321,1
2,20180322,1
2,20180325,1
2,20180326,1
2,20180327,1
2,20180328,1
2,20180329,1
2,20180401,1
2,20180402,1
2,20180403,1
2,20180404,1
2,20180405,1
2,20180408,1
2,20180409,1
2,20180410,1
2,20180411,1
2,20180412,1
2,20180415,1
2,20180416,1
2,20180417,1
2,20180418,1
2,20180419,1
2,20180422,1
2,20180423,1
2,20180424,1
2,20180425,1
2,20180426,1
2,20180429,1
2,20180430,1
2,20180501,1
2,20180502,1
2,20180503,1
3,20180303,1
3,20180304,1
4,20180306,1
4,20180307,1
4,20180308,1
4,20180309,1
4,20180312,1
4,20180313,1
4,20180314,1
4,20180315,1
4,20180316,1
4,20180319,1
4,20180320,1
4,20180321,1
4,20180322,1
4,20180323,1
4,20180326,1
4,20180327,1
4,20180328,1
4,20180329,1
4,20180330,1
4,20180402,1
4,20180403,1
4,20180404,1
4,20180405,1
4,20180406,1
4,20180409,1
4,20180410,1
4,20180411,1
4,20180412,1
4,20180413,1
4,20180416,1
4,20180417,1
4,20180418,1
4,20180419,1
4,20180420,1
4,20180423,1
4,20180424,1
4,20180425,1
4,20180426,1
4,20180427,1
4,20180430,1
4,20180501,1
4,20180502,1
4,20180503,1
4,20180504,1
5,20180226,1
5,20180227,1
5,20180228,1
5,20180301,1
5,20180304,1
6,20180309,1
6,20180310,1
6,20180316,1
6,20180317,1
6,20180323,1
6,20180324,1
6,20180330,1
6,20180331,1
6,20180406,1
6,20180407,1
6,20180413,1
6,20180414,1
6,20180420,1
6,20180421,1
6,20180427,1
6,20180428,1
6,20180504,1
6,20180505,1
7,20180226,1
7,20180227,1
7,20180228,1
7,20180301,1
7,20180302,1
7,20180305,1
8,20180310,1
8,20180311,1
8,20180317,1
8,20180318,1
8,20180324,1
8,20180325,1
8,20180331,1
8,20180401,1
8,20180407,1
8,20180408,1
8,20180414,1
8,20180415,1
8,20180421,1
8,20180422,1
8,20180428,1
8,20180429,1
8,20180505,1
9,20180508,1
9,20180509,1
10,20180226,1
10,20180227,1
10,20180228,1
10,20180301,1
10,20180302,1
11,20180305,1
11,20180306,1
11,20180307,1
11,20180308,1
11,20180309,1
11,20180312,1
11,20180313,1
11,20180314,1
11,20180315,1
11,20180316,1
11,20180319,1
11,20180320,1
11,20180321,1
11,20180322,1
11,20180323,1
11,20180326,1
11,20180327,1
11,20180328,1
11,20180329,1
11,20180330,1
11,20180402,1
11,20180403,1
11,20180404,1
11,20180405,1
11,20180406,1
11,20180409,1
11,20180410,1
11,20180411,1
11,20180412,1
11,20180413,1
11,20180416,1
11,20180417,1
11,20180418,1
11,20180419,1
11,20180420,1
11,20180423,1
11,20180424,1
11,20180425,1
11,20180426,1
11,20180427,1
11,20180430,1
11,20180501,1
11,20180502,1
11,20180503,1
11,20180504,1
12,20180509,1
13,20180508,1
14,20180303,1
14,20180310,1
14,20180317,1
14,20180324,1
14,20180331,1
14,20180407,1
14,20180414,1
14,20180421,1
14,20180428,1
14,20180505,1
14,20180512,1
14,20180519,1
14,20180526,1
14,20180602,1
14,20180609,1
14,20180616,1
14,20180623,1
14,20180630,1
14,20180707,1
14,20180714,1
14,20180721,1
14,20180728,1
14,20180804,1
14,20180811,1
14,20180818,1
15,20180304,1
15,20180311,1
15,20180318,1
15,20180325,1
15,20180401,1
15,20180408,1
15,20180415,1
15,20180422,1
15,20180429,1
15,20180506,1
15,20180513,1
15,20180520,1
15,20180527,1
15,20180603,1
15,20180610,1
15,20180617,1
15,20180624,1
15,20180701,1
15,20180708,1
15,20180715,1
15,20180722,1
15,20180729,1
15,20180805,1
15,20180812,1
15,20180819,1
16,20180226,1
16,20180227,1
16,20180228,1
16,20180301,1
16,20180302,1
16,20180305,1
16,20180306,1
16,20180307,1
16,20180308,1
16,20180309,1
16,20180312,1
16,20180313,1
16,20180314,1
16,20180315,1
16,20180316,1
16,20180319,1
16,20180320,1
16,20180321,1
16,20180322,1
16,20180323,1
16,20180326,1
16,20180327,1
16,20180328,1
16,20180329,1
16,20180330,1
16,20180402,1
16,20180403,1
16,20180404,1
16,20180405,1
16,20180406,1
16,20180409,1
16,20180410,1
16,20180411,1
16,20180412,1
16,20180413,1
16,20180416,1
16,20180417,1
16,20180418,1
16,20180419,1
16,20180420,1
16,20180423,1
16,20180424,1
16,20180425,1
16,20180426,1
16,20180427,1
16,20180430,1
16,20180501,1
16,20180502,1
16,20180503,1
16,20180504,1
16,20180507,1
16,20180508,1
16,20180509,1
16,20180510,1
16,20180511,1
16,20180514,1
16,20180515,1
16,20180516,1
16,20180517,1
16,20180518,1
16,20180521,1
16,20180522,1
16,20180523,1
16,20180524,1
16,20180525,1
16,20180528,1
16,20180529,1
16,20180530,1
16,20180531,1
16,20180601,1
16,20180604,1
16,20180605,1
16,20180606,1
16,20180607,1
16,20180608,1
16,20180611,1
16,20180612,1
16,20180613,1
16,20180614,1
16,20180615,1
16,20180618,1
16,20180619,1
16,20180620,1
16,20180621,1
16,20180622,1
16,20180625,1
16,20180626,1
16,20180627,1
16,20180628,1
16,20180629,1
16,20180702,1
16,20180703,1
16,20180704,1
16,20180705,1
16,20180706,1
16,20180709,1
16,20180710,1
16,20180711,1
16,20180712,1
16,20180713,1
16,20180716,1
16,20180717,1
16,20180718,1
16,20180719,1
16,20180720,1
16,20180723,1
16,20180724,1
16,20180725,1
16,20180726,1
16,20180727,1
16,20180730,1
16,20180731,1
16,20180801,1
16,20180802,1
16,20180803,1
16,20180806,1
16,20180807,1
16,20180808,1
16,20180809,1
16,20180810,1
16,20180813,1
16,20180814,1
16,20180815,1
16,20180816,1
16,20180817,1
16,20180820,1
16,20180821,1
16,20180822,1
16,20180823,1
16,20180824,1
17,20180303,1
18,20180304,1
19,20180302,1
19,20180303,1
19,20180304,1
20,20180306,1
20,20180307,1
20,20180308,1
20,20180312,1
20,20180313,1
20,20180314,1
20,20180315,1
20,20180319,1
20,20180320,1
20,20180321,1
20,20180322,1
20,20180326,1
20,20180327,1
20,20180328,1
20,20180329,1
20,20180402,1
20,20180403,1
20,20180404,1
20,20180405,1
20,20180409,1
20,20180410,1
20,20180411,1
20,20180412,1
20,20180416,1
20,20180417,1
20,20180418,1
20,20180419,1
20,20180423,1
20,20180424,1
20,20180425,1
20,20180426,1
20,20180430,1
20,20180501,1
20,20180502,1
20,20180503,1
21,20180302,1
22,20180226,1
22,20180227,1
22,20180228,1
22,20180301,1
22,20180305,1
23,20180309,1
23,20180316,1
23,20180323,1
23,20180330,1
23,20180406,1
23,20180413,1
23,20180420,1
23,20180427,1
23,20180504,1
24,20180309,1
24,20180310,1
24,20180311,1
24,20180316,1
24,20180317,1
24,20180318,1
24,20180323,1
24,20180324,1
24,20180325,1
24,20180330,1
24,20180331,1
24,20180401,1
24,20180406,1
24,20180407,1
24,20180408,1
24,20180413,1
24,20180414,1
24,20180415,1
24,20180420,1
24,20180421,1
24,20180422,1
24,20180427,1
24,20180428,1
24,20180429,1
24,20180504,1
24,20180505,1
25,20180226,1
25,20180227,1
25,20180228,1
25,20180301,1
25,20180302,1
25,20180305,1
25,20180306,1
25,20180307,1
25,20180308,1
25,20180309,1
25,20180312,1
25,20180313,1
25,20180314,1
25,20180315,1
25,20180316,1
25,20180319,1
25,20180320,1
25,20180321,1
25,20180322,1
25,20180323,1
25,20180326,1
25,20180327,1
25,20180328,1
25,20180329,1
25,20180330,1
25,20180402,1
25,20180403,1
25,20180404,1
25,20180405,1
25,20180406,1
25,20180409,1
25,20180410,1
25,20180411,1
25,20180412,1
25,20180413,1
25,20180416,1
25,20180417,1
25,20180418,1
25,20180419,1
25,20180420,1
25,20180423,1
25,20180424,1
25,20180425,1
25,20180426,1
25,20180427,1
25,20180430,1
25,20180501,1
25,20180502,1
25,20180503,1
25,20180504,1
25,20180507,1
25,20180510,1
25,20180511,1
25,20180514,1
25,20180515,1
25,20180516,1
25,20180517,1
25,20180518,1
25,20180521,1
25,20180522,1
25,20180523,1
25,20180524,1
25,20180525,1
25,20180529,1
25,20180530,1
25,20180531,1
25,20180601,1
25,20180604,1
25,20180605,1
25,20180606,1
25,20180607,1
25,20180608,1
25,20180611,1
25,20180612,1
25,20180613,1
25,20180614,1
25,20180615,1
25,20180618,1
25,20180619,1
25,20180620,1
25,20180621,1
25,20180622,1
25,20180625,1
25,20180626,1
25,20180627,1
25,20180628,1
25,20180629,1
25,20180702,1
25,20180703,1
25,20180705,1
25,20180706,1
25,20180709,1
25,20180710,1
25,20180711,1
25,20180712,1
25,20180713,1
25,20180716,1
25,20180717,1
25,20180718,1
25,20180719,1
25,20180720,1
25,20180723,1
25,20180724,1
25,20180725,1
25,20180726,1
25,20180727,1
25,20180730,1
25,20180731,1
25,20180801,1
25,20180802,1
25,20180803,1
25,20180806,1
25,20180807,1
25,20180808,1
25,20180809,1
25,20180810,1
25,20180813,1
25,20180814,1
25,20180815,1
25,20180816,1
25,20180817,1
25,20180820,1
25,20180821,1
25,20180822,1
25,20180823,1
25,20180824,1
